1754042416783 0.7200000286102295 0
1754042422090 0.9785937666893005 1
1754042427133 0.9951562285423279 2
1754042432078 0.9976562261581421 3
1754042436906 0.9985937476158142 4
1754042442240 0.9995312690734863 5
1754042446940 0.9993749856948853 6
1754042452189 0.9990624785423279 7
1754042457373 0.9993749856948853 8
1754042462061 0.999218761920929 9
1754042466817 0.9990624785423279 10
1754042471537 0.9993749856948853 11
1754042476082 0.9987499713897705 12
1754042480988 0.9996874928474426 13
1754042485590 0.9995312690734863 14
1754042490345 0.9993749856948853 15
1754042494964 0.9995312690734863 16
1754042499739 0.9996874928474426 17
1754042504918 0.9996874928474426 18
1754042509841 0.9996874928474426 19
1754042514656 0.9998437762260437 20
1754042519592 0.9998437762260437 21
1754042524014 0.9998437762260437 22
1754042524214 0.9951562285423279 23
