1754042416783 0.0010000000474974513 0
1754042422090 0.0010000000474974513 1
1754042427133 0.0010000000474974513 2
1754042432078 0.0010000000474974513 3
1754042436906 0.0010000000474974513 4
1754042442240 0.0010000000474974513 5
1754042446940 0.0010000000474974513 6
1754042452189 0.0010000000474974513 7
1754042457373 0.0010000000474974513 8
1754042462061 0.0010000000474974513 9
1754042466817 0.0010000000474974513 10
1754042471537 0.0010000000474974513 11
1754042476082 0.0010000000474974513 12
1754042480988 0.0005000000237487257 13
1754042485590 0.0005000000237487257 14
1754042490345 0.0005000000237487257 15
1754042494964 0.0005000000237487257 16
1754042499739 0.0005000000237487257 17
1754042504918 0.0005000000237487257 18
1754042509841 0.0005000000237487257 19
1754042514656 0.0005000000237487257 20
1754042519592 0.0005000000237487257 21
1754042524014 0.0005000000237487257 22
1754042524214 0.0010000000474974513 23
