1754042416783 1.027126669883728 0
1754042422090 0.2796627879142761 1
1754042427133 0.11678159981966019 2
1754042432078 0.06473910063505173 3
1754042436906 0.0440860353410244 4
1754042442240 0.029982680454850197 5
1754042446940 0.021740145981311798 6
1754042452189 0.019672084599733353 7
1754042457373 0.015187200158834457 8
1754042462061 0.012002642266452312 9
1754042466817 0.011390344239771366 10
1754042471537 0.009163913317024708 11
1754042476082 0.008470438420772552 12
1754042480988 0.00706728408113122 13
1754042485590 0.006530007813125849 14
1754042490345 0.006727619096636772 15
1754042494964 0.005443367175757885 16
1754042499739 0.005431228317320347 17
1754042504918 0.005529037211090326 18
1754042509841 0.005010553635656834 19
1754042514656 0.004405962768942118 20
1754042519592 0.004003552719950676 21
1754042524014 0.004232673905789852 22
1754042524214 0.11678159981966019 23
